A1=henrik
A2=jonas

LABEL       GOLD PROPOSED CORRECT PRECISION    RECALL     F-SCORE
              A1       A2  AGREED                       AGREEMENT
-----       ---- -------- ------- ---------    ------   ---------
nobj         116      172     104      60.5      89.7        72.2
pnct          43       42      24      57.1      55.8        56.5
mod           72        0       0       0.0       0.0         0.0
dobj          24       31      22      71.0      91.7        80.0
vobj          21       32      19      59.4      90.5        71.7
subj          21       30      19      63.3      90.5        74.5
pobj          27       21      13      61.9      48.1        54.2
attrr          4       28       4      14.3     100.0        25.0
time           6       23       6      26.1     100.0        41.4
conj          13       12       3      25.0      23.1        24.0
coord         10       12       3      25.0      30.0        27.3
loc            0       16       0       0.0       0.0         0.0
[subj]         8        7       2      28.6      25.0        26.7
preds          2       11       2      18.2     100.0        30.8
attrd          1       10       1      10.0     100.0        18.2
pobj:arg       0       11       0       0.0       0.0         0.0
degr           1        9       1      11.1     100.0        20.0
pobj:dobj       4        5       4      80.0     100.0        88.9
man            1        7       1      14.3     100.0        25.0
ref            2        6       1      16.7      50.0        25.0
list           7        0       0       0.0       0.0         0.0
neg            1        6       1      16.7     100.0        28.6
robj           2        5       2      40.0     100.0        57.1
other          4        2       0       0.0       0.0         0.0
pred           6        0       0       0.0       0.0         0.0
appr           3        2       2     100.0      66.7        80.0
namef          3        2       2     100.0      66.7        80.0
prg            1        3       1      33.3     100.0        50.0
rel            4        0       0       0.0       0.0         0.0
relr           0        4       0       0.0       0.0         0.0
arg            3        0       0       0.0       0.0         0.0
cond           0        3       0       0.0       0.0         0.0
iobj           2        1       1     100.0      50.0        66.7
pobj:arg#       0        3       0       0.0       0.0         0.0
qobj           1        2       0       0.0       0.0         0.0
struct         0        3       0       0.0       0.0         0.0
attrd#         1        1       1     100.0     100.0       100.0
bg             0        2       0       0.0       0.0         0.0
cause          0        2       0       0.0       0.0         0.0
comp           0        2       0       0.0       0.0         0.0
const          0        2       0       0.0       0.0         0.0
dir            0        2       0       0.0       0.0         0.0
diskmark       0        2       0       0.0       0.0         0.0
ext            0        2       0       0.0       0.0         0.0
pobj:agent#       0        2       0       0.0       0.0         0.0
pobj:const       0        2       0       0.0       0.0         0.0
pobj:loc       0        2       0       0.0       0.0         0.0
pobj:subj       0        2       0       0.0       0.0         0.0
pobj:subj#       0        2       0       0.0       0.0         0.0
possd          2        0       0       0.0       0.0         0.0
predo          1        1       1     100.0     100.0       100.0
xtop           1        1       1     100.0     100.0       100.0
agent          0        1       0       0.0       0.0         0.0
agent#         0        1       0       0.0       0.0         0.0
avobj          1        0       0       0.0       0.0         0.0
contr          0        1       0       0.0       0.0         0.0
coref-res       0        1       0       0.0       0.0         0.0
dir:met        0        1       0       0.0       0.0         0.0
goal           0        1       0       0.0       0.0         0.0
inst           0        1       0       0.0       0.0         0.0
lobj           1        0       0       0.0       0.0         0.0
loc:met        0        1       0       0.0       0.0         0.0
modo           1        0       0       0.0       0.0         0.0
part           0        1       0       0.0       0.0         0.0
pobj#          0        1       0       0.0       0.0         0.0
pobj:?         0        1       0       0.0       0.0         0.0
pobj:about       0        1       0       0.0       0.0         0.0
pobj:agent       0        1       0       0.0       0.0         0.0
pobj:ext       0        1       0       0.0       0.0         0.0
pobj:formål       0        1       0       0.0       0.0         0.0
pobj:formål#       0        1       0       0.0       0.0         0.0
pobj:pobj       0        1       0       0.0       0.0         0.0
vobj:attrr       0        1       0       0.0       0.0         0.0
xpl            1        0       0       0.0       0.0         0.0
-----       ---- -------- ------- ---------    ------   ---------
TOTAL        422      566     241      42.6      57.1        48.8
TOTAL1       422        0       0       0.0       0.0         0.0
nolabel      422      566     317      56.0      75.1        64.2
nolabel1     422        0       0       0.0       0.0         0.0

