A1=henrik
A2=søren

LABEL       GOLD PROPOSED CORRECT PRECISION    RECALL     F-SCORE
              A1       A2  AGREED                       AGREEMENT
-----       ---- -------- ------- ---------    ------   ---------
nobj          21       67      20      29.9      95.2        45.5
pnct           4       15       4      26.7     100.0        42.1
time           6       12       6      50.0     100.0        66.7
attrr          4        9       4      44.4     100.0        61.5
vobj           2       11       2      18.2     100.0        30.8
dobj           2        8       2      25.0     100.0        40.0
subj           1        9       1      11.1     100.0        20.0
pobj:dobj       4        4       4     100.0     100.0       100.0
conj           3        4       3      75.0     100.0        85.7
coord          3        4       3      75.0     100.0        85.7
pobj           1        6       1      16.7     100.0        28.6
attrd          1        5       1      20.0     100.0        33.3
preds          2        4       2      50.0     100.0        66.7
degr           1        4       1      25.0     100.0        40.0
other          4        1       0       0.0       0.0         0.0
const          0        4       0       0.0       0.0         0.0
man            1        3       1      33.3     100.0        50.0
neg            1        3       1      33.3     100.0        50.0
prg            1        3       1      33.3     100.0        50.0
ref            1        3       1      33.3     100.0        50.0
[subj]         1        2       1      50.0     100.0        66.7
agens#         0        3       0       0.0       0.0         0.0
arg            3        0       0       0.0       0.0         0.0
pobj:arg       0        3       0       0.0       0.0         0.0
pobj:arg#       0        3       0       0.0       0.0         0.0
appr           1        1       1     100.0     100.0       100.0
attrd#         1        1       1     100.0     100.0       100.0
iobj           1        1       1     100.0     100.0       100.0
namef          1        1       1     100.0     100.0       100.0
pobj:subj       0        2       0       0.0       0.0         0.0
pobj:subj#       0        2       0       0.0       0.0         0.0
relr           0        2       0       0.0       0.0         0.0
robj           1        1       1     100.0     100.0       100.0
space          0        2       0       0.0       0.0         0.0
xtop           1        1       1     100.0     100.0       100.0
agens          0        1       0       0.0       0.0         0.0
cond           0        1       0       0.0       0.0         0.0
nobj#          0        1       0       0.0       0.0         0.0
part           0        1       0       0.0       0.0         0.0
pobj#          0        1       0       0.0       0.0         0.0
-----       ---- -------- ------- ---------    ------   ---------
TOTAL         73      209      65      31.1      89.0        46.1
TOTAL1        73        0       0       0.0       0.0         0.0
nolabel       73      209      73      34.9     100.0        51.8
nolabel1      73        0       0       0.0       0.0         0.0

