A1=henrik
A2=lotte

LABEL       GOLD PROPOSED CORRECT PRECISION    RECALL     F-SCORE
              A1       A2  AGREED                       AGREEMENT
-----       ---- -------- ------- ---------    ------   ---------
nobj         116      166      98      59.0      84.5        69.5
pnct          43       42      26      61.9      60.5        61.2
mod           72        0       0       0.0       0.0         0.0
vobj          21       31      19      61.3      90.5        73.1
dobj          24       27      18      66.7      75.0        70.6
subj          21       30      19      63.3      90.5        74.5
pobj          27       16       8      50.0      29.6        37.2
attrr          4       30       4      13.3     100.0        23.5
time           6       25       6      24.0     100.0        38.7
conj          13       10       3      30.0      23.1        26.1
coord         10       10       3      30.0      30.0        30.0
[subj]         8        9       3      33.3      37.5        35.3
loc            0       15       0       0.0       0.0         0.0
attrd          1       12       1       8.3     100.0        15.4
preds          2       10       2      20.0     100.0        33.3
degr           1       10       1      10.0     100.0        18.2
pobj:arg       0       11       0       0.0       0.0         0.0
other          4        6       0       0.0       0.0         0.0
robj           2        6       2      33.3     100.0        50.0
coref          0        7       0       0.0       0.0         0.0
list           7        0       0       0.0       0.0         0.0
neg            1        6       1      16.7     100.0        28.6
pobj:dobj       4        3       3     100.0      75.0        85.7
man            1        5       1      20.0     100.0        33.3
namef          3        3       3     100.0     100.0       100.0
pred           6        0       0       0.0       0.0         0.0
ref            2        4       1      25.0      50.0        33.3
appr           3        2       2     100.0      66.7        80.0
possd          2        3       1      33.3      50.0        40.0
prg            1        4       1      25.0     100.0        40.0
arg            3        1       0       0.0       0.0         0.0
const          0        4       0       0.0       0.0         0.0
rel            4        0       0       0.0       0.0         0.0
ben            0        3       0       0.0       0.0         0.0
cond           0        3       0       0.0       0.0         0.0
iobj           2        1       1     100.0      50.0        66.7
pobj:arg#       0        3       0       0.0       0.0         0.0
predo          1        2       1      50.0     100.0        66.7
qobj           1        2       1      50.0     100.0        66.7
agent          0        2       0       0.0       0.0         0.0
agent#         0        2       0       0.0       0.0         0.0
attrd#         1        1       1     100.0     100.0       100.0
const#         0        2       0       0.0       0.0         0.0
contr          0        2       0       0.0       0.0         0.0
coref-id       0        2       0       0.0       0.0         0.0
coref-var       0        2       0       0.0       0.0         0.0
dir            0        2       0       0.0       0.0         0.0
discmark       0        2       0       0.0       0.0         0.0
pobj:subj       0        2       0       0.0       0.0         0.0
pobj:subj#       0        2       0       0.0       0.0         0.0
relr           0        2       0       0.0       0.0         0.0
xtop           1        1       1     100.0     100.0       100.0
appa           0        1       0       0.0       0.0         0.0
avobj          1        0       0       0.0       0.0         0.0
cause          0        1       0       0.0       0.0         0.0
cons           0        1       0       0.0       0.0         0.0
coref-res       0        1       0       0.0       0.0         0.0
ext            0        1       0       0.0       0.0         0.0
inst           0        1       0       0.0       0.0         0.0
lobj           1        0       0       0.0       0.0         0.0
modo           1        0       0       0.0       0.0         0.0
nobj#          0        1       0       0.0       0.0         0.0
pobj#          0        1       0       0.0       0.0         0.0
relpa          0        1       0       0.0       0.0         0.0
struct         0        1       0       0.0       0.0         0.0
xpl            1        0       0       0.0       0.0         0.0
-----       ---- -------- ------- ---------    ------   ---------
TOTAL        422      556     231      41.5      54.7        47.2
TOTAL1       422        0       0       0.0       0.0         0.0
nolabel      422      556     314      56.5      74.4        64.2
nolabel1     422        0       0       0.0       0.0         0.0

