A1=iørn
A2=lisa

LABEL       GOLD PROPOSED CORRECT PRECISION    RECALL     F-SCORE
              A1       A2  AGREED                       AGREEMENT
-----       ---- -------- ------- ---------    ------   ---------
nobj         510      511     496      97.1      97.3        97.2
pnct         222      228     191      83.8      86.0        84.9
attrr        189      158     149      94.3      78.8        85.9
subj         111      106     100      94.3      90.1        92.2
vobj          95      100      91      91.0      95.8        93.3
dobj          74       85      62      72.9      83.8        78.0
conj          67       66      58      87.9      86.6        87.2
pobj          47       81      40      49.4      85.1        62.5
[subj]        64       45      36      80.0      56.2        66.1
coord         51       49      49     100.0      96.1        98.0
attrd         52       46      46     100.0      88.5        93.9
time          38       40      32      80.0      84.2        82.1
loc           29       33      22      66.7      75.9        71.0
preds         33       21      20      95.2      60.6        74.1
man           22       26      18      69.2      81.8        75.0
degr          24       23      20      87.0      83.3        85.1
namef         22       22      22     100.0     100.0       100.0
neg           21       22      20      90.9      95.2        93.0
ref           17       16      15      93.8      88.2        90.9
pobj:dobj      10       20      10      50.0     100.0        66.7
relr          15       14      14     100.0      93.3        96.6
appr          13       13      13     100.0     100.0       100.0
coref         17        9       7      77.8      41.2        53.8
appa          14        9       9     100.0      64.3        78.3
prg           11       12      11      91.7     100.0        95.7
attrr#        14        7       6      85.7      42.9        57.1
pobj:arg       8       12       8      66.7     100.0        80.0
cond           9       10       9      90.0     100.0        94.7
coref-res       8       11       3      27.3      37.5        31.6
pobj:arg#       9       10       6      60.0      66.7        63.2
qobj           8        8       8     100.0     100.0       100.0
robj           8        8       7      87.5      87.5        87.5
cause          8        7       6      85.7      75.0        80.0
ext            9        6       4      66.7      44.4        53.3
const          7        7       6      85.7      85.7        85.7
focal          6        8       6      75.0     100.0        85.7
pobj:subj       7        7       5      71.4      71.4        71.4
expl           6        7       6      85.7     100.0        92.3
coref-var       6        6       5      83.3      83.3        83.3
goal           6        6       4      66.7      66.7        66.7
list           6        6       5      83.3      83.3        83.3
bg             6        5       5     100.0      83.3        90.9
coref-id       6        5       5     100.0      83.3        90.9
discmark       4        6       4      66.7     100.0        80.0
ben            6        3       3     100.0      50.0        66.7
dir            4        5       3      60.0      75.0        66.7
lobj           7        2       2     100.0      28.6        44.4
concom         3        3       1      33.3      33.3        33.3
ex             2        4       2      50.0     100.0        66.7
iobj           3        3       2      66.7      66.7        66.7
¹vobj         4        2       2     100.0      50.0        66.7
fpreds         2        3       0       0.0       0.0         0.0
correl         2        2       2     100.0     100.0       100.0
namel          2        2       2     100.0     100.0       100.0
struct         2        2       2     100.0     100.0       100.0
+              1        2       1      50.0     100.0        66.7
comp           2        1       1     100.0      50.0        66.7
cons           1        2       1      50.0     100.0        66.7
pobj:dobj#       2        1       0       0.0       0.0         0.0
xtop           2        1       0       0.0       0.0         0.0
²[subj]       2        1       1     100.0      50.0        66.7
²dobj¹       2        1       1     100.0      50.0        66.7
¹dobj         3        0       0       0.0       0.0         0.0
[expl]         1        1       1     100.0     100.0       100.0
about          1        1       1     100.0     100.0       100.0
assoc-agent       1        1       1     100.0     100.0       100.0
assoc-const       1        1       1     100.0     100.0       100.0
assoc-loc       1        1       1     100.0     100.0       100.0
assoc-other       1        1       1     100.0     100.0       100.0
conc           1        1       1     100.0     100.0       100.0
coref-part       1        1       1     100.0     100.0       100.0
name           1        1       1     100.0     100.0       100.0
other          0        2       0       0.0       0.0         0.0
relpa          1        1       1     100.0     100.0       100.0
resem          1        1       1     100.0     100.0       100.0
voc            1        1       1     100.0     100.0       100.0
xpl            1        1       1     100.0     100.0       100.0
²coref        2        0       0       0.0       0.0         0.0
²coref-part       1        1       1     100.0     100.0       100.0
²dir¹        1        1       1     100.0     100.0       100.0
²pnct         2        0       0       0.0       0.0         0.0
²vobj         1        1       1     100.0     100.0       100.0
¹[subj]       2        0       0       0.0       0.0         0.0
assoc          0        1       0       0.0       0.0         0.0
attrr:dobj#       0        1       0       0.0       0.0         0.0
modp           0        1       0       0.0       0.0         0.0
pnct²         0        1       0       0.0       0.0         0.0
pnct¹         1        0       0       0.0       0.0         0.0
predo          1        0       0       0.0       0.0         0.0
relelab        0        1       0       0.0       0.0         0.0
time¹         1        0       0       0.0       0.0         0.0
²coref-res       1        0       0       0.0       0.0         0.0
²pobj:dobj       1        0       0       0.0       0.0         0.0
¹cond         1        0       0       0.0       0.0         0.0
¹subj         1        0       0       0.0       0.0         0.0
¹time         1        0       0       0.0       0.0         0.0
-----       ---- -------- ------- ---------    ------   ---------
TOTAL       1991     1960    1701      86.8      85.4        86.1
TOTAL1      1991        0       0       0.0       0.0         0.0
nolabel     1991     1960    1823      93.0      91.6        92.3
nolabel1    1991        0       0       0.0       0.0         0.0
