A1=jonas
A2=søren

LABEL       GOLD PROPOSED CORRECT PRECISION    RECALL     F-SCORE
              A1       A2  AGREED                       AGREEMENT
-----       ---- -------- ------- ---------    ------   ---------
nobj          99       99      96      97.0      97.0        97.0
pnct          47       46      42      91.3      89.4        90.3
vobj          29       29      27      93.1      93.1        93.1
dobj          21       23      20      87.0      95.2        90.9
subj          22       22      22     100.0     100.0       100.0
time          16       17      13      76.5      81.2        78.8
pobj          14       14      11      78.6      78.6        78.6
preds         14       13      12      92.3      85.7        88.9
coord         11       11       8      72.7      72.7        72.7
attrr          9       10       9      90.0     100.0        94.7
conj          11        8       7      87.5      63.6        73.7
neg            9        8       8     100.0      88.9        94.1
man            9        5       4      80.0      44.4        57.1
prg            6        7       4      57.1      66.7        61.5
attrd          6        6       6     100.0     100.0       100.0
degr           6        5       5     100.0      83.3        90.9
pobj:arg       5        3       3     100.0      60.0        75.0
pobj:dobj       4        4       4     100.0     100.0       100.0
ref            4        4       4     100.0     100.0       100.0
robj           4        4       4     100.0     100.0       100.0
[subj]         4        3       3     100.0      75.0        85.7
const          2        4       2      50.0     100.0        66.7
iobj           3        3       3     100.0     100.0       100.0
pobj:arg#       3        3       3     100.0     100.0       100.0
relr           3        2       2     100.0      66.7        80.0
loc            4        0       0       0.0       0.0         0.0
pobj:subj       2        2       2     100.0     100.0       100.0
pobj:subj#       2        2       2     100.0     100.0       100.0
space          0        4       0       0.0       0.0         0.0
agens#         0        3       0       0.0       0.0         0.0
cause          2        1       1     100.0      50.0        66.7
dir            1        2       0       0.0       0.0         0.0
appa           0        2       0       0.0       0.0         0.0
appr           1        1       1     100.0     100.0       100.0
attrd#         1        1       1     100.0     100.0       100.0
cond           1        1       0       0.0       0.0         0.0
namef          1        1       1     100.0     100.0       100.0
other          1        1       1     100.0     100.0       100.0
part           1        1       1     100.0     100.0       100.0
pobj#          1        1       1     100.0     100.0       100.0
pobj:agent#       2        0       0       0.0       0.0         0.0
predo          1        1       1     100.0     100.0       100.0
struct         2        0       0       0.0       0.0         0.0
vp#            0        2       0       0.0       0.0         0.0
xtop           1        1       1     100.0     100.0       100.0
[time]         0        1       0       0.0       0.0         0.0
agens          0        1       0       0.0       0.0         0.0
agent          1        0       0       0.0       0.0         0.0
agent#         1        0       0       0.0       0.0         0.0
inst           0        1       0       0.0       0.0         0.0
nobj#          0        1       0       0.0       0.0         0.0
qobj           1        0       0       0.0       0.0         0.0
ref?           0        1       0       0.0       0.0         0.0
rel            0        1       0       0.0       0.0         0.0
-----       ---- -------- ------- ---------    ------   ---------
TOTAL        388      386     335      86.8      86.3        86.6
TOTAL1       388        0       0       0.0       0.0         0.0
nolabel      388      386     355      92.0      91.5        91.7
nolabel1     388        0       0       0.0       0.0         0.0

