A1=lotte
A2=søren

LABEL       GOLD PROPOSED CORRECT PRECISION    RECALL     F-SCORE
              A1       A2  AGREED                       AGREEMENT
-----       ---- -------- ------- ---------    ------   ---------
nobj          91       99      89      89.9      97.8        93.7
pnct          46       46      35      76.1      76.1        76.1
vobj          29       29      26      89.7      89.7        89.7
subj          24       22      20      90.9      83.3        87.0
dobj          22       23      19      82.6      86.4        84.4
coref         34        0       0       0.0       0.0         0.0
time          17       17      12      70.6      70.6        70.6
preds         12       13      10      76.9      83.3        80.0
coord         11       11       8      72.7      72.7        72.7
pobj           8       14       8      57.1     100.0        72.7
attrr         11       10      10     100.0      90.9        95.2
conj          11        8       8     100.0      72.7        84.2
neg            9        8       8     100.0      88.9        94.1
degr           9        5       5     100.0      55.6        71.4
attrd          7        6       6     100.0      85.7        92.3
man            8        5       3      60.0      37.5        46.2
prg            5        7       5      71.4     100.0        83.3
[subj]         7        3       1      33.3      14.3        20.0
ref            6        4       3      75.0      50.0        60.0
const          4        4       4     100.0     100.0       100.0
pobj:dobj       3        4       3      75.0     100.0        85.7
robj           3        4       2      50.0      66.7        57.1
iobj           3        3       3     100.0     100.0       100.0
loc            6        0       0       0.0       0.0         0.0
pobj:arg       3        3       3     100.0     100.0       100.0
pobj:arg#       3        3       3     100.0     100.0       100.0
relr           4        2       2     100.0      50.0        66.7
coref-var       5        0       0       0.0       0.0         0.0
ben            4        0       0       0.0       0.0         0.0
pobj:subj       2        2       1      50.0      50.0        50.0
pobj:subj#       2        2       2     100.0     100.0       100.0
space          0        4       0       0.0       0.0         0.0
agens#         0        3       0       0.0       0.0         0.0
dir            1        2       0       0.0       0.0         0.0
xtop           2        1       1     100.0      50.0        66.7
agent          2        0       0       0.0       0.0         0.0
agent#         2        0       0       0.0       0.0         0.0
appa           0        2       0       0.0       0.0         0.0
appr           1        1       1     100.0     100.0       100.0
attrd#         1        1       1     100.0     100.0       100.0
cause          1        1       0       0.0       0.0         0.0
cond           1        1       0       0.0       0.0         0.0
coref-id       2        0       0       0.0       0.0         0.0
namef          1        1       1     100.0     100.0       100.0
nobj#          1        1       1     100.0     100.0       100.0
other          1        1       0       0.0       0.0         0.0
pobj#          1        1       1     100.0     100.0       100.0
possd          2        0       0       0.0       0.0         0.0
qobj           2        0       0       0.0       0.0         0.0
vp#            0        2       0       0.0       0.0         0.0
[time]         0        1       0       0.0       0.0         0.0
agens          0        1       0       0.0       0.0         0.0
comp           1        0       0       0.0       0.0         0.0
coref-res       1        0       0       0.0       0.0         0.0
inst           0        1       0       0.0       0.0         0.0
part           0        1       0       0.0       0.0         0.0
predo          0        1       0       0.0       0.0         0.0
ref?           0        1       0       0.0       0.0         0.0
rel            0        1       0       0.0       0.0         0.0
struct         1        0       0       0.0       0.0         0.0
voc            1        0       0       0.0       0.0         0.0
-----       ---- -------- ------- ---------    ------   ---------
TOTAL        434      386     305      79.0      70.3        74.4
TOTAL1       434        0       0       0.0       0.0         0.0
nolabel      434      386     343      88.9      79.0        83.7
nolabel1     434        0       0       0.0       0.0         0.0

